df1ff24bfdf7dcc596df1e78619fa782 0
15035569091 1
df1ff24bfdf7dcc596df1e78619fa782 0
18603439800 1
df1ff24bfdf7dcc596df1e78619fa782 0
13720954926 1
df1ff24bfdf7dcc596df1e78619fa782 0
13546676165 1
df1ff24bfdf7dcc596df1e78619fa782 0
15534599550 1
df1ff24bfdf7dcc596df1e78619fa782 0
15935531144 1
df1ff24bfdf7dcc596df1e78619fa782 0
13994676165 2
e5d3176ca45ed710a6f998eca543a343 0
13835528448 1
e5d3176ca45ed710a6f998eca543a343 0
13834292395 1
e5d3176ca45ed710a6f998eca543a343 0
13633553397 1
e5d3176ca45ed710a6f998eca543a343 0
13835555613 2
18ef9265e785f9c642f5df391fe54844 0
18334581345 1
18ef9265e785f9c642f5df391fe54844 0
15903450744 1
18ef9265e785f9c642f5df391fe54844 0
15535512177 1
18ef9265e785f9c642f5df391fe54844 0
18534044624 1
18ef9265e785f9c642f5df391fe54844 0
17835462028 1
18ef9265e785f9c642f5df391fe54844 0
17169087928 1
18ef9265e785f9c642f5df391fe54844 0
13935505155 1
18ef9265e785f9c642f5df391fe54844 0
18434233222 1
18ef9265e785f9c642f5df391fe54844 0
15835515900 1
18ef9265e785f9c642f5df391fe54844 0
17636339465 1
18ef9265e785f9c642f5df391fe54844 0
18135528555 2
f6366d8f85a712d356c1cd3cafeb6bf4 0
13994676165 1
f6366d8f85a712d356c1cd3cafeb6bf4 0
15364654588 1
f6366d8f85a712d356c1cd3cafeb6bf4 0
18235526363 1
f6366d8f85a712d356c1cd3cafeb6bf4 0
15935531144 2
2d8cef7a6b21fb71f105303d1416fade 0
18839242847 1
2d8cef7a6b21fb71f105303d1416fade 0
15364656951 1
2d8cef7a6b21fb71f105303d1416fade 0
15035506760 1
2d8cef7a6b21fb71f105303d1416fade 0
13097663888 1
2d8cef7a6b21fb71f105303d1416fade 0
13453269814 1
2d8cef7a6b21fb71f105303d1416fade 0
17636308821 1
2d8cef7a6b21fb71f105303d1416fade 0
17636380781 2
784e6cb68e19289613318316901cbbb9 0
13546169751 1
784e6cb68e19289613318316901cbbb9 0
15934345008 1
784e6cb68e19289613318316901cbbb9 0
15903558968 1
784e6cb68e19289613318316901cbbb9 0
13935510591 1
784e6cb68e19289613318316901cbbb9 0
18135221178 1
784e6cb68e19289613318316901cbbb9 0
13096561092 2
cb3d05bfad0cd2019e16d52cc130db48 0
13643558321 1
cb3d05bfad0cd2019e16d52cc130db48 0
15803550200 1
cb3d05bfad0cd2019e16d52cc130db48 0
15135532041 1
cb3d05bfad0cd2019e16d52cc130db48 0
13546501345 1
cb3d05bfad0cd2019e16d52cc130db48 0
13353553621 2
4a24ab4b53b1e44888cc44fbfb5a9d15 0
13835515587 1
4a24ab4b53b1e44888cc44fbfb5a9d15 0
15534192444 1
4a24ab4b53b1e44888cc44fbfb5a9d15 0
18835537303 1
4a24ab4b53b1e44888cc44fbfb5a9d15 0
17636340527 1
4a24ab4b53b1e44888cc44fbfb5a9d15 0
18649545656 1
4a24ab4b53b1e44888cc44fbfb5a9d15 0
17735517308 2
da25fd5045c3f10896ea8cb25b1f4057 0
15035537797 1
da25fd5045c3f10896ea8cb25b1f4057 0
18335569567 1
da25fd5045c3f10896ea8cb25b1f4057 0
15935518750 1
da25fd5045c3f10896ea8cb25b1f4057 0
13994630820 1
da25fd5045c3f10896ea8cb25b1f4057 0
13134653334 1
da25fd5045c3f10896ea8cb25b1f4057 0
18735584385 1
da25fd5045c3f10896ea8cb25b1f4057 0
13734235106 2
98d5085c4f9846394caa988fe34abd72 0
18235510061 1
98d5085c4f9846394caa988fe34abd72 0
17635554328 2
98d5085c4f9846394caa988fe34abd72 0
13994676165 1
98d5085c4f9846394caa988fe34abd72 0
13935534234 1
98d5085c4f9846394caa988fe34abd72 0
15035566711 2
8327b0810bc324d7244fc773ed88c069 0
13858536610 1
8327b0810bc324d7244fc773ed88c069 0
15135579570 1
8327b0810bc324d7244fc773ed88c069 0
18590315634 1
8327b0810bc324d7244fc773ed88c069 0
13858436610 1
8327b0810bc324d7244fc773ed88c069 0
13757591321 1
8327b0810bc324d7244fc773ed88c069 0
13511277552 1
8327b0810bc324d7244fc773ed88c069 0
15257505405 2
2807b5ea5f0db751e1287000176a57de 0
13097564314 1
2807b5ea5f0db751e1287000176a57de 0
13134653334 1
2807b5ea5f0db751e1287000176a57de 0
13133452195 2
6a596e4340a8e79d4cd96672332bee14 0
18636575869 1
6a596e4340a8e79d4cd96672332bee14 0
15835158089 1
6a596e4340a8e79d4cd96672332bee14 0
18636577712 1
6a596e4340a8e79d4cd96672332bee14 0
13835528448 1
6a596e4340a8e79d4cd96672332bee14 0
15234284319 1
6a596e4340a8e79d4cd96672332bee14 0
13353552599 1
6a596e4340a8e79d4cd96672332bee14 0
13593277846 1
6a596e4340a8e79d4cd96672332bee14 0
18636577712 2
ec03424d6ec12568e306a2df3778abf0 0
13546169751 1
ec03424d6ec12568e306a2df3778abf0 0
13663557776 1
ec03424d6ec12568e306a2df3778abf0 0
13233396681 1
ec03424d6ec12568e306a2df3778abf0 0
15203452202 2
79445e20c645f893b6acce8f8e3360b2 0
17696271829 1
79445e20c645f893b6acce8f8e3360b2 0
13233346766 1
79445e20c645f893b6acce8f8e3360b2 0
15835594267 1
79445e20c645f893b6acce8f8e3360b2 0
17503416332 1
79445e20c645f893b6acce8f8e3360b2 0
15835541230 1
79445e20c645f893b6acce8f8e3360b2 0
18203454220 1
79445e20c645f893b6acce8f8e3360b2 0
15635531503 2
d5bc3cc39995d96572551f157a597143 0
13620655145 1
d5bc3cc39995d96572551f157a597143 0
18735508437 1
d5bc3cc39995d96572551f157a597143 0
13467003115 2
d0f7804a19661838956da48b5761fe5d 0
15534110420 1
d0f7804a19661838956da48b5761fe5d 0
15635563557 1
d0f7804a19661838956da48b5761fe5d 0
13191030868 1
d0f7804a19661838956da48b5761fe5d 0
13097569826 1
d0f7804a19661838956da48b5761fe5d 0
13935576618 2
6505bd24b4bc6eea02cc898ea7d69591 0
13178631480 1
6505bd24b4bc6eea02cc898ea7d69591 0
17605967451 1
6505bd24b4bc6eea02cc898ea7d69591 0
18473502519 1
6505bd24b4bc6eea02cc898ea7d69591 0
13935510591 1
6505bd24b4bc6eea02cc898ea7d69591 0
13935605100 1
6505bd24b4bc6eea02cc898ea7d69591 0
18334672966 1
6505bd24b4bc6eea02cc898ea7d69591 0
13352996491 1
6505bd24b4bc6eea02cc898ea7d69591 0
18890148100 1
6505bd24b4bc6eea02cc898ea7d69591 0
15217538734 1
6505bd24b4bc6eea02cc898ea7d69591 0
17620529094 2
be6e6f88c45f220dabd9537098bc55ca 0
15534543481 1
be6e6f88c45f220dabd9537098bc55ca 0
15035569091 1
be6e6f88c45f220dabd9537098bc55ca 0
14703557702 1
be6e6f88c45f220dabd9537098bc55ca 0
15935507627 1
be6e6f88c45f220dabd9537098bc55ca 0
17803552002 2
86cb944229851f9877c4a1ba1153e83e 0
18634551177 1
86cb944229851f9877c4a1ba1153e83e 0
13934291242 1
86cb944229851f9877c4a1ba1153e83e 0
15735567760 2
3c86f4a27d65a46544341669744fdbef 0
13134653334 1
3c86f4a27d65a46544341669744fdbef 0
15534555597 1
3c86f4a27d65a46544341669744fdbef 0
13453579475 1
3c86f4a27d65a46544341669744fdbef 0
18835559158 1
3c86f4a27d65a46544341669744fdbef 0
18636541184 1
3c86f4a27d65a46544341669744fdbef 0
17735517308 1
3c86f4a27d65a46544341669744fdbef 0
13015465566 1
3c86f4a27d65a46544341669744fdbef 0
15513132233 1
3c86f4a27d65a46544341669744fdbef 0
13834788406 1
3c86f4a27d65a46544341669744fdbef 0
18839242847 1
3c86f4a27d65a46544341669744fdbef 0
18649545656 2
3e81d6389aff70986a6768b00dcd1768 0
18603564513 1
3e81d6389aff70986a6768b00dcd1768 0
18635642282 1
3e81d6389aff70986a6768b00dcd1768 0
13903564513 2
ce43c279df56280469ddfecf5abcaa76 0
13835555613 1
ce43c279df56280469ddfecf5abcaa76 0
18735431646 1
ce43c279df56280469ddfecf5abcaa76 0
13835528448 2
66a4874a140b08bfa67309231198db48 0
13593277846 1
66a4874a140b08bfa67309231198db48 0
13613551540 1
66a4874a140b08bfa67309231198db48 0
13233397967 1
66a4874a140b08bfa67309231198db48 0
15034520485 1
66a4874a140b08bfa67309231198db48 0
18636575869 1
66a4874a140b08bfa67309231198db48 0
18636577712 1
66a4874a140b08bfa67309231198db48 0
13097663888 1
66a4874a140b08bfa67309231198db48 0
13593277846 2
b5f1083bd75ceda0fa8665b849266f8a 0
15234536777 1
b5f1083bd75ceda0fa8665b849266f8a 0
13353553177 1
b5f1083bd75ceda0fa8665b849266f8a 0
18735517700 1
b5f1083bd75ceda0fa8665b849266f8a 0
13834050222 1
b5f1083bd75ceda0fa8665b849266f8a 0
15535513588 1
b5f1083bd75ceda0fa8665b849266f8a 0
18935105732 1
b5f1083bd75ceda0fa8665b849266f8a 0
13191030868 1
b5f1083bd75ceda0fa8665b849266f8a 0
18634551177 1
b5f1083bd75ceda0fa8665b849266f8a 0
18634551177 2
7078c1e00d58c1d8194c219aa071d8b1 0
13546516532 1
7078c1e00d58c1d8194c219aa071d8b1 0
13080352501 1
7078c1e00d58c1d8194c219aa071d8b1 0
13643553474 1
7078c1e00d58c1d8194c219aa071d8b1 0
18735584385 2
1da96a7753fe745d8c62e1a839e40000 0
13994676165 1
1da96a7753fe745d8c62e1a839e40000 0
18801468133 1
1da96a7753fe745d8c62e1a839e40000 0
13834054984 2
4fef9383d2aeb43001555ae8aa2b4f62 0
13762841977 1
4fef9383d2aeb43001555ae8aa2b4f62 0
15211221011 1
4fef9383d2aeb43001555ae8aa2b4f62 0
18143349516 1
4fef9383d2aeb43001555ae8aa2b4f62 0
17775757711 1
4fef9383d2aeb43001555ae8aa2b4f62 0
13117318831 2
4690928a333cced7e7facb3113c9b057 0
15235576910 1
4690928a333cced7e7facb3113c9b057 0
13467081652 1
4690928a333cced7e7facb3113c9b057 0
13546169751 1
4690928a333cced7e7facb3113c9b057 0
13653456579 2
343998e69ceb4741f0da336bed756fe2 0
13233371580 1
343998e69ceb4741f0da336bed756fe2 0
15035566711 1
343998e69ceb4741f0da336bed756fe2 0
18235510061 2
3e7e15816c55aa44b22e9b772197e157 0
15303552814 1
3e7e15816c55aa44b22e9b772197e157 0
13835526900 1
3e7e15816c55aa44b22e9b772197e157 0
13004912225 1
3e7e15816c55aa44b22e9b772197e157 0
15803451445 1
3e7e15816c55aa44b22e9b772197e157 0
13835515587 2
42980836245183d0a83b7c20249e1ddd 0
18835643447 1
42980836245183d0a83b7c20249e1ddd 0
15890003135 1
42980836245183d0a83b7c20249e1ddd 0
13546616463 2
9a2ada4eaf0b63e592ece972bf54f7a2 0
17620784437 1
9a2ada4eaf0b63e592ece972bf54f7a2 0
19918647254 1
9a2ada4eaf0b63e592ece972bf54f7a2 0
15197550040 1
9a2ada4eaf0b63e592ece972bf54f7a2 0
17605967451 2
3da702bdd17683e046e3504aa50a1cf5 0
17775757711 1
3da702bdd17683e046e3504aa50a1cf5 0
18607365131 1
3da702bdd17683e046e3504aa50a1cf5 0
13432469308 1
3da702bdd17683e046e3504aa50a1cf5 0
13511174979 1
3da702bdd17683e046e3504aa50a1cf5 0
13787868685 2
257a32868ac8a35d5e6a7840c7c86fd4 0
17696271829 1
257a32868ac8a35d5e6a7840c7c86fd4 0
15203452202 1
257a32868ac8a35d5e6a7840c7c86fd4 0
13546501345 1
257a32868ac8a35d5e6a7840c7c86fd4 0
18534044624 1
257a32868ac8a35d5e6a7840c7c86fd4 0
13283555537 1
257a32868ac8a35d5e6a7840c7c86fd4 0
13097569826 1
257a32868ac8a35d5e6a7840c7c86fd4 0
15135590276 1
257a32868ac8a35d5e6a7840c7c86fd4 0
13467025290 1
257a32868ac8a35d5e6a7840c7c86fd4 0
13734265818 1
257a32868ac8a35d5e6a7840c7c86fd4 0
18035126463 1
257a32868ac8a35d5e6a7840c7c86fd4 0
15735576544 1
257a32868ac8a35d5e6a7840c7c86fd4 0
13038068138 1
257a32868ac8a35d5e6a7840c7c86fd4 0
13467003115 1
257a32868ac8a35d5e6a7840c7c86fd4 0
13546169751 2
6d3cfa5dce547c4d41d7e1c807c2141e 0
17605967451 1
6d3cfa5dce547c4d41d7e1c807c2141e 0
18565778194 1
6d3cfa5dce547c4d41d7e1c807c2141e 0
13530022947 2
c22cc6f3651be8b489f37aa2dec217a1 0
13546616463 1
c22cc6f3651be8b489f37aa2dec217a1 0
18334672966 1
c22cc6f3651be8b489f37aa2dec217a1 0
18603567041 1
c22cc6f3651be8b489f37aa2dec217a1 0
15303557445 2
260b2ad7ab181edae6506d0bf219cac6 0
13734235106 1
260b2ad7ab181edae6506d0bf219cac6 0
18334570122 1
260b2ad7ab181edae6506d0bf219cac6 0
15034502421 1
260b2ad7ab181edae6506d0bf219cac6 0
15035569091 1
260b2ad7ab181edae6506d0bf219cac6 0
18351994117 2
260b2ad7ab181edae6506d0bf219cac6 0
13453561315 1
260b2ad7ab181edae6506d0bf219cac6 0
15735567556 1
260b2ad7ab181edae6506d0bf219cac6 0
15603453744 2
c14921a63184671f671dda02ccc97aa9 0
13467042430 1
c14921a63184671f671dda02ccc97aa9 0
15035528486 1
c14921a63184671f671dda02ccc97aa9 0
13643553474 2
503820f5a962996ea8b57822e0375af0 0
18773575788 1
503820f5a962996ea8b57822e0375af0 0
18569151031 1
503820f5a962996ea8b57822e0375af0 0
17620784437 2
74b345460368b836b836cc1615d66fdb 0
13530022947 1
74b345460368b836b836cc1615d66fdb 0
17620784437 1
74b345460368b836b836cc1615d66fdb 0
18670605599 1
74b345460368b836b836cc1615d66fdb 0
17620621575 2
07bb75cec5ae75b799b1cab3c1c7d6dc 0
13994676165 1
07bb75cec5ae75b799b1cab3c1c7d6dc 0
17636419423 1
07bb75cec5ae75b799b1cab3c1c7d6dc 0
15135594904 2
d7c98834aaa7282e9347234fb606b10e 0
18773575788 1
d7c98834aaa7282e9347234fb606b10e 0
17674172951 1
d7c98834aaa7282e9347234fb606b10e 0
17670849473 2
ba6b455c633d464f4755ea3a21989963 0
18334672966 1
ba6b455c633d464f4755ea3a21989963 0
18635642282 1
ba6b455c633d464f4755ea3a21989963 0
13593311520 1
ba6b455c633d464f4755ea3a21989963 0
13100168635 1
ba6b455c633d464f4755ea3a21989963 0
13663657550 1
ba6b455c633d464f4755ea3a21989963 0
18335691122 2
e9531a93e8872cc3a5d1938a2b242ee9 0
18434562177 1
e9531a93e8872cc3a5d1938a2b242ee9 0
13663657550 1
e9531a93e8872cc3a5d1938a2b242ee9 0
15333437744 2
9df5059e9800ece935117e340443bc46 0
13293821202 1
9df5059e9800ece935117e340443bc46 0
18735584385 1
9df5059e9800ece935117e340443bc46 0
13080352501 2
1855bb9d10b74e976bfb332eddf2ddc0 0
15234517977 1
1855bb9d10b74e976bfb332eddf2ddc0 0
18839242847 1
1855bb9d10b74e976bfb332eddf2ddc0 0
15535533344 1
1855bb9d10b74e976bfb332eddf2ddc0 0
13097663888 2
e51802531b15f8dce4ce6e405f08d279 0
15534538998 1
e51802531b15f8dce4ce6e405f08d279 0
15735576544 1
e51802531b15f8dce4ce6e405f08d279 0
13520943321 2
456e4360a3b4b8ae292e5146f053b1e3 0
15211221011 1
456e4360a3b4b8ae292e5146f053b1e3 0
15173246546 1
456e4360a3b4b8ae292e5146f053b1e3 0
18574848484 2
f64a47d34a7838e889091253b305ff95 0
13875028289 1
f64a47d34a7838e889091253b305ff95 0
18569151031 1
f64a47d34a7838e889091253b305ff95 0
18607365131 2
8a65c6d9fb3ab2a713ab2a044837e771 0
15534555597 1
8a65c6d9fb3ab2a713ab2a044837e771 0
13834291512 1
8a65c6d9fb3ab2a713ab2a044837e771 0
18835559158 2
8e34033507daa8e389068802ede78896 0
15034502421 1
8e34033507daa8e389068802ede78896 0
18303456230 1
8e34033507daa8e389068802ede78896 0
15635555054 2
7b9d929b380656b789bd4eb68404e61f 0
13096561092 1
7b9d929b380656b789bd4eb68404e61f 0
13233450642 1
7b9d929b380656b789bd4eb68404e61f 0
15934345008 2
3cc6ac546763670762fad2cfb9cf621d 0
17696271829 1
3cc6ac546763670762fad2cfb9cf621d 0
13453269814 1
3cc6ac546763670762fad2cfb9cf621d 0
15534652905 1
3cc6ac546763670762fad2cfb9cf621d 0
15534597406 1
3cc6ac546763670762fad2cfb9cf621d 0
18803558094 2
a603b9773c5e65745f68910a033acecf 0
13593259510 1
a603b9773c5e65745f68910a033acecf 0
15234536777 1
a603b9773c5e65745f68910a033acecf 0
15935539575 2
1f4eb006a7273f0b765169ca21162a94 0
18035126463 1
1f4eb006a7273f0b765169ca21162a94 0
15534168688 1
1f4eb006a7273f0b765169ca21162a94 0
13934294114 2
12cc0cf39528ecc8a40f28802b7c262f 0
13753675915 1
12cc0cf39528ecc8a40f28802b7c262f 0
15135579570 1
12cc0cf39528ecc8a40f28802b7c262f 0
17696271829 2
0ed9320c73f1fff5b3a3f257e1ef0b07 0
15935539575 1
0ed9320c73f1fff5b3a3f257e1ef0b07 0
13100053454 1
0ed9320c73f1fff5b3a3f257e1ef0b07 0
18306258644 2
72a87bd0b680fbae8d143c710cfdd74a 0
13247679849 1
72a87bd0b680fbae8d143c710cfdd74a 0
15035569091 1
72a87bd0b680fbae8d143c710cfdd74a 0
15835502156 2
